   6.7369870e-01
  -6.6911300e-01
  -4.0032270e-01
  -6.7180243e-01
   5.7562902e-01
  -7.7809352e-01
  -1.0635612e+00
   5.5297830e-01
  -4.2342884e-01
   3.6158716e-01
  -3.5188924e-01
   2.6954071e-01
  -2.5644494e+00
   4.6586413e-01
   1.8535609e+00
   1.0392893e+00
   9.1089658e-01
  -2.3973129e-01
   1.8099808e-01
   2.4424955e-01
   9.6392885e-02
  -8.3046850e-01
  -3.5225219e-01
  -1.7477504e-01
  -4.8065342e-01
   8.3683671e-01
   2.5383493e+00
  -1.3233343e+00
   1.2834026e-01
  -1.4423792e+00
   1.3025082e+00
   1.4099115e+00
  -1.6625430e+00
   1.9436845e+00
  -1.0846985e+00
   2.2681898e-01
   1.0989292e+00
   1.4718875e-01
   2.2956658e+00
   2.7525579e+00
   1.3831772e-01
  -1.9070662e+00
  -3.6499299e-01
  -8.4811001e-01
  -7.6475336e-01
  -1.1276948e+00
   7.8188895e-02
   2.1066297e+00
  -7.1584739e-01
  -2.8051566e-01
   1.1664750e+00
   1.2128214e+00
   4.8554099e-01
   1.0260165e+00
   8.7072602e-01
  -3.8175788e-01
   4.2889303e-01
  -2.9913052e-01
  -8.9986852e-01
   6.3474546e-01
   6.7453591e-02
  -1.8712054e-01
   2.9172746e-01
   9.8769469e-01
   3.9293457e-01
   1.9455137e-01
   2.7978496e-01
   5.1220312e-02
  -7.7446624e-01
   7.8678171e-01
   1.4089070e+00
  -5.3409858e-01
   1.9277584e+00
  -1.7624755e-01
  -2.4375036e-01
  -8.9760066e-01
  -7.9233687e-01
  -9.5297469e-01
   3.5390545e-01
   1.5970263e+00
   5.2747025e-01
   8.5420230e-01
   1.3418465e+00
  -2.4995334e+00
  -1.6755932e-01
   3.5301531e-01
   7.1725373e-01
  -1.3048516e+00
  -1.0058690e+00
   7.9068347e-01
  -1.1657133e-01
   5.5308989e-01
  -9.6064480e-01
  -1.6338024e+00
   7.6120028e-01
   1.1933072e+00
   1.6320572e+00
  -1.5321896e+00
  -1.3368524e+00
  -1.4738465e+00
  -4.1663074e-02
  -6.1550734e-01
   1.3141548e+00
  -1.4550666e+00
  -1.7423492e+00
   2.0530468e-01
   1.1929304e+00
  -8.0282310e-01
  -1.2656364e+00
  -1.4933135e-01
  -1.6364467e+00
   1.7344346e-02
   8.2838727e-01
   2.1773835e-01
  -1.9092449e+00
  -5.3682182e-01
  -3.0203230e-01
   1.8135821e+00
   9.1485175e-01
  -5.7080716e-02
   1.3093621e+00
  -1.0447358e+00
  -3.4826681e-01
   1.4125612e+00
   1.5023829e+00
   7.3037599e-01
   4.9075227e-01
  -5.8612614e-01
   7.4489965e-01
  -8.2815497e-01
   5.7452073e-01
   2.8184138e-01
   1.1393063e+00
  -4.2586785e-01
   6.3613989e-01
   7.9317808e-01
  -8.9837711e-01
   1.5624484e-01
   1.5972539e+00
   1.1243971e-01
  -3.0862493e-01
   4.5665961e-01
  -2.7510083e-01
   4.4314361e-01
  -1.3476513e-01
  -1.8328230e-02
   4.6078943e-01
   1.3623155e+00
   4.5187457e-01
   1.6483837e+00
  -2.0283620e+00
  -4.4925681e-01
   2.3599320e-01
  -8.3517296e-01
  -1.2759552e+00
   6.1703508e-01
   6.1270150e-01
   2.8938116e-01
   3.9531612e-01
  -8.7056284e-01
  -4.9768838e-01
  -1.0667182e-01
  -6.8782914e-01
   3.3188088e-01
   2.3652247e+00
  -4.8223072e-01
   6.4744821e-01
  -1.0344247e+00
   1.3395546e+00
  -9.6914036e-01
   2.0871560e-01
  -6.1859336e-01
   5.1201564e-01
   1.1354171e-02
  -4.3988626e-02
   2.9490925e+00
  -6.3004619e-01
  -4.6879400e-02
   2.6830255e+00
  -1.1466907e+00
   5.5299875e-01
  -1.0764584e+00
   1.0306396e+00
   3.2752981e-01
   6.5212481e-01
  -2.7886112e-01
   2.4519159e-01
   1.4725135e+00
  -2.2751015e+00
  -1.6332907e+00
   4.1546894e-01
  -6.5476885e-01
  -2.9634832e-01
  -1.4969189e+00
  -9.0483445e-01
  -4.0418155e-01
  -7.2579817e-01
  -8.6648503e-01
  -4.2184678e-01
  -9.4266632e-01
   1.3418837e+00
  -9.8843471e-01
   1.8179427e+00
  -3.7443661e-01
  -1.4517407e+00
  -6.1868181e-01
   9.3450096e-01
   1.0559293e+00
   1.6022728e-01
   2.8740032e-01
   6.3290558e-01
  -1.4590419e+00
  -5.8170973e-01
  -1.8301493e+00
  -4.4910308e-01
   9.4927470e-01
   7.1744141e-01
   2.2878286e+00
   1.6672766e-01
  -2.1564908e+00
   1.6893993e+00
   1.2822807e+00
  -5.8263096e-01
   2.2261448e-01
   7.7945147e-01
   3.8470716e-01
   6.9636692e-01
  -1.1271556e-01
  -3.8823701e-02
   8.8088629e-02
  -7.8965597e-01
   1.4229606e+00
   6.3316841e-03
   6.8648085e-01
  -8.5493363e-01
  -1.0752353e+00
  -9.0967251e-02
  -2.5277183e-01
   1.1948238e+00
   6.0606371e-01
   5.4051443e-01
  -1.4449394e+00
  -9.6769381e-01
   2.0205134e-01
  -3.4787797e-01
   1.2900880e+00
   1.3411538e+00
  -5.8079769e-01
   8.7513560e-01
   1.3954499e+00
   3.2098522e-01
   1.6233825e+00
   1.0624333e+00
   2.1410524e-01
   8.7680320e-01
   1.9440701e-01
  -4.1489216e-01
   3.5845873e-01
   3.6222668e-02
  -3.6463117e-01
   1.7710196e+00
   2.2127307e-01
   2.7303776e+00
  -2.9616538e-01
   5.6429555e-01
   1.5826207e+00
   2.7292301e+00
   3.0356428e-01
  -7.9025848e-01
   8.0338023e-01
  -1.3199027e+00
  -2.7384576e-01
   2.7186692e-01
   1.4895535e+00
   1.4371415e+00
  -2.7561397e-02
   9.2393132e-01
  -3.2128042e-01
   6.6112489e-01
   1.9152939e+00
   1.5675961e-01
  -3.0053646e-01
  -5.0003478e-01
   7.1647138e-01
   1.3372887e+00
   2.1256799e+00
   5.4045784e-02
   1.6303592e-01
  -6.3270674e-01
   1.6119915e+00
  -7.5448724e-02
  -4.7323714e-01
   2.1842408e+00
   8.0988111e-01
   7.1634280e-01
  -1.0055711e+00
   4.3398661e-01
   5.2014359e-01
  -1.0922445e+00
  -2.2579445e-01
  -4.0492178e-01
   5.2785922e-01
  -1.0069629e+00
   1.0890268e+00
   1.7848747e+00
  -3.0375452e-01
  -8.6966315e-03
   5.0663503e-01
   1.2032520e+00
   5.2201773e-01
   3.9704609e-01
  -4.8281084e-01
  -2.3149719e-01
   6.1338521e-01
   1.6828505e+00
   5.6839357e-01
  -1.2060293e+00
   4.3306039e-01
  -9.2120748e-02
  -2.4405494e-01
  -2.1918866e-01
  -8.7976672e-01
  -3.2080433e-01
  -7.8441529e-01
  -3.6496253e-01
   1.1727057e-01
   1.7433969e-01
  -2.1565641e-01
  -1.5261148e-01
   3.3688220e-02
   4.5828221e-01
   1.2816312e+00
   6.2009005e-01
  -2.8667386e-01
   5.9801571e-01
  -2.4553268e-01
  -1.7807372e+00
  -2.3472392e+00
  -1.7135953e+00
  -2.3712726e-01
  -6.1962581e-01
  -7.2016038e-01
   4.0657174e-02
  -6.5898143e-01
  -6.3051503e-01
   6.0962509e-01
   7.8233497e-01
   2.4365844e+00
   3.0240742e-01
   5.8319854e-02
  -5.7413396e-01
  -1.9521240e-01
  -5.0531278e-02
  -1.7557750e+00
  -2.5735762e-01
   7.4954189e-01
  -5.7076431e-01
   4.9423338e-01
   9.9144044e-01
   1.0771401e+00
   7.7684180e-01
  -2.2598404e+00
  -5.6437669e-01
   9.0149144e-01
   3.9467553e-01
   4.8544237e-03
   4.3691863e-01
   1.1300727e+00
   1.5377074e-01
  -7.5862716e-01
  -1.8016310e-01
  -2.0778959e-01
   8.9674529e-01
   4.1230770e-01
   5.4751969e-01
   1.4783504e-01
  -3.6226716e-01
   6.1141295e-02
   2.1670555e-01
  -1.3981224e+00
   1.7887037e-01
   9.2758422e-01
  -1.1017794e-01
   1.5723979e+00
   5.6049061e-01
  -4.2034461e-01
  -1.5394539e-01
  -2.7519859e-01
   2.4112045e-01
   7.5468639e-01
  -2.9190990e-01
   4.5844538e-01
   1.7552886e+00
   9.3149059e-01
   8.2526444e-01
  -8.1480713e-01
  -5.3420418e-01
   2.4255166e-01
  -1.0064795e-01
  -1.6250484e+00
  -1.5144232e+00
   1.0261894e+00
  -7.5812748e-01
   2.0783448e+00
  -2.2219866e+00
   4.4876364e-01
   6.2611541e-04
  -7.5623931e-01
   4.0432483e-01
  -7.9385288e-01
   8.5978320e-01
   6.6869211e-02
  -1.6393874e+00
  -2.4247499e+00
  -2.8382993e-01
   1.1458063e+00
   1.8116929e-01
   5.4250229e-02
   6.8775365e-01
  -1.3934073e+00
   1.4253657e+00
  -8.9385116e-01
   3.7764700e-02
  -3.6356929e-01
   1.4955648e-01
  -1.9445181e+00
   1.5238949e+00
   5.4581017e-01
   2.0099275e+00
   1.4166707e+00
   1.1480666e-02
  -9.3904932e-01
  -1.7389084e+00
   1.6970972e-02
   2.1915909e-01
   1.0458206e+00
  -9.5098265e-01
   7.9479742e-01
   7.1429810e-02
  -7.7368690e-01
   7.7416184e-01
   2.6565472e-01
  -2.3510553e-01
   1.8772922e+00
   6.0923940e-01
  -1.1027388e-01
   2.7745747e-01
   8.7045914e-02
   1.7359305e-01
   4.5359115e-01
  -6.0351803e-01
  -7.9702393e-01
   3.6064890e-01
   1.8850917e+00
  -3.0682183e-01
  -1.0127240e+00
  -2.3854551e-01
  -4.8401481e-01
  -3.2734452e-01
   4.7551798e-01
  -1.3000489e-01
  -5.9435328e-01
  -4.4376691e-01
  -1.3225296e+00
  -8.5952117e-01
  -1.4130012e+00
  -5.1598590e-01
  -1.0850981e+00
  -7.0715859e-01
  -3.0165455e-01
  -1.2004405e+00
  -1.9362266e-02
   3.4037056e-01
  -9.6323098e-01
   1.1139226e+00
  -1.5861054e+00
  -3.9179466e-01
  -1.4846862e+00
  -3.4462717e-01
  -1.3239159e+00
  -5.7483495e-01
  -7.4070673e-01
  -1.1850019e+00
  -2.0648600e+00
   5.6505981e-01
   2.0001424e+00
   2.2233277e+00
  -4.9217759e-01
  -4.6002934e-02
  -4.6574701e-01
   7.5947432e-02
  -9.1876964e-01
  -1.9194665e+00
  -3.6443143e-02
  -1.2251257e+00
  -1.9024343e+00
   2.3742486e+00
  -2.3334571e-01
   4.0388074e-01
   1.1924686e+00
  -1.6847588e+00
   4.1314853e-01
   5.0174522e-01
   8.3064345e-02
   1.5779805e-01
  -5.2794251e-01
   7.2306070e-01
  -8.4994165e-01
  -7.9638405e-01
   7.2533757e-01
   1.6865445e+00
  -3.8639417e-01
  -5.0507841e-01
   4.0807389e-01
   1.0723561e+00
   9.6798289e-01
   2.7014553e-01
  -6.3440654e-01
   6.2976318e-01
  -7.9233754e-02
   1.3769492e+00
  -1.4082125e+00
   1.4123168e-01
   1.2897194e+00
  -4.9493630e-01
  -6.2482495e-01
  -9.3363429e-01
  -2.7872491e-01
  -2.0052496e-01
   1.3674116e-01
  -8.8334886e-01
   8.2537923e-02
  -6.0387490e-01
  -3.6872826e-01
  -8.3817042e-01
  -2.8247504e-01
   3.5698678e+00
   3.4075324e+00
   1.1469179e+00
   7.8725753e-01
  -1.2781374e+00
  -5.8459310e-01
  -6.1940566e-01
   5.3530105e-01
   4.8298705e-01
   1.0847508e-01
  -3.4028473e-01
  -9.2584842e-01
   5.3216898e-03
   1.1391495e+00
   4.2736125e-01
   1.8103215e-01
   6.5747974e-01
   5.8424561e-01
  -1.6164513e+00
   1.8774352e-02
  -4.2596076e-01
  -2.0340273e+00
  -1.3285526e+00
  -3.1988562e-01
   8.2543046e-01
  -2.2929281e-01
   2.6225081e-01
  -8.9797954e-01
  -2.1573027e+00
   9.3916756e-02
  -9.5118146e-01
   1.1725899e+00
   1.7350959e+00
  -3.7169605e-01
   1.1928641e+00
   9.5364803e-01
  -1.4150445e+00
  -3.3356318e-02
   2.6111776e-01
   5.2299453e-01
   6.7678684e-01
   6.7439566e-01
   6.7839896e-01
  -3.1257972e-01
   3.7924377e-01
  -2.2528982e+00
  -1.1683507e+00
   1.2019656e+00
  -6.6073859e-01
   3.2755904e-01
   1.5081271e+00
  -8.8890896e-01
  -9.5928463e-01
  -4.9271930e-01
   4.4105658e-01
  -2.0476425e-01
  -9.7780693e-01
  -1.5729466e+00
  -3.7026157e-01
  -2.2114547e-01
  -5.3521282e-01
  -2.6197217e-01
  -1.0954149e+00
   5.4923349e-01
  -2.1746206e+00
   1.4461465e-01
   6.6903344e-01
  -8.4882916e-01
  -5.7090119e-02
   2.9178626e-01
  -6.1461854e-01
  -1.3643189e-02
   4.1211350e-01
  -9.3714960e-01
   8.3515704e-01
   1.0945385e+00
   3.2118073e-01
   1.5112839e-02
  -1.1644925e+00
   4.9484075e-01
  -1.2158490e+00
   1.5907880e+00
   5.2647505e-01
   2.6481859e-01
  -3.9359789e-01
  -2.1763100e+00
  -1.1956544e+00
   3.6532839e-01
   2.4124431e+00
   7.4024722e-01
   3.0974639e-01
  -5.4198718e-01
   1.2228318e-01
   9.6227933e-01
  -2.5397484e-01
   1.8917560e+00
  -1.2202541e+00
  -3.7623714e-01
   5.2429149e-02
  -1.9539337e+00
   5.6542057e-01
   7.7794462e-02
   8.0701188e-02
   7.9470781e-01
   1.0436889e+00
   8.0218465e-01
  -4.6882436e-01
  -4.6592374e-02
   3.5345303e-01
  -1.2568006e+00
  -1.0360314e+00
  -4.2696269e-01
   7.7668679e-02
   1.7909303e+00
   7.9726314e-01
  -4.4250074e-01
  -6.2909109e-01
   1.5337963e+00
   2.7335404e+00
   1.6743908e-01
  -4.7886517e-01
  -1.4126539e+00
   9.7498806e-01
   2.8971898e-01
   1.1654083e+00
  -9.0870562e-01
   2.4057504e-01
  -6.5404634e-01
   1.2749545e+00
  -5.5119061e-01
  -8.7408868e-02
  -3.4782032e-01
   9.9396253e-01
   4.2843617e-01
  -1.0041853e+00
  -6.3268788e-01
  -1.0457100e+00
   5.0570701e-01
   3.3195372e-01
  -1.6354125e+00
  -1.9068402e+00
  -4.0398721e-02
   6.9719333e-01
   1.6880258e-01
  -1.5437963e+00
  -1.5518024e+00
   8.6707780e-01
  -1.4537299e-01
  -3.8624166e-01
   1.3162041e+00
  -7.9646423e-01
   1.3544137e-01
   4.1780643e-01
   8.1987965e-01
  -8.5435338e-01
   3.5731859e-01
   2.7484666e+00
  -1.5129770e+00
   4.3397903e-01
  -2.2976773e-01
  -8.2708638e-01
  -8.3198262e-01
   4.9789950e-01
   2.3156261e+00
  -7.9382570e-01
   5.4095957e-01
  -5.5906136e-01
   1.9765661e+00
   5.4466038e-01
  -1.3790556e-01
   6.1987564e-01
  -5.5827834e-03
   1.1071992e+00
  -1.8559011e-01
  -1.1214178e+00
   2.4644952e-01
   1.5610372e+00
  -1.1966217e+00
  -2.4234528e-01
   1.0048282e+00
  -1.9201258e+00
   6.2544578e-01
   7.5296042e-01
   2.1348368e-01
  -7.7023407e-01
  -7.1346525e-03
   9.3186525e-02
   9.3525121e-01
   6.6351792e-01
  -3.5023267e-01
   1.6198774e+00
  -5.0833096e-02
  -8.1269707e-01
  -4.3841993e-01
   8.5860999e-01
   1.9521594e-01
   8.8886215e-01
   6.9221821e-02
   2.4868213e+00
  -1.6656431e+00
  -4.1592794e-01
  -8.4224606e-02
   8.9251948e-02
   1.4561472e+00
   2.1945352e-01
  -1.1487725e-01
   6.8602469e-02
   7.5149486e-01
  -6.8942706e-01
   4.5081358e-01
  -1.5650247e+00
  -7.8795924e-02
  -9.4179197e-01
  -6.5286151e-01
   2.8252924e-01
  -1.1250790e+00
  -9.8897409e-01
  -1.5158588e+00
  -2.2285105e+00
  -1.5152168e-01
   1.1627444e+00
  -1.8193629e-01
  -2.3395354e-01
  -1.0467341e+00
   1.5833189e+00
  -2.4941342e-01
   1.2940190e+00
   3.6198014e-01
  -2.6305251e-01
   1.0821445e+00
   9.8243408e-01
  -1.1144396e-01
   1.2959508e+00
   1.7812950e+00
  -6.5614876e-02
  -2.5568087e-01
   4.0463816e-01
   3.5175675e-01
   8.0751106e-01
  -2.5559049e-01
   7.1511328e-01
   1.0485973e+00
   1.7754856e-01
   1.5329768e-01
  -1.2543245e+00
  -1.1728009e+00
  -1.4614418e+00
  -1.2442880e+00
  -1.5509938e-01
  -1.6149138e+00
   2.2460651e+00
   7.3928113e-01
  -2.0676454e+00
  -1.1545506e+00
  -1.0719188e-01
  -1.7128791e+00
  -4.5989454e-01
   1.0910001e+00
  -1.6388026e-01
  -6.7240470e-02
  -1.0015925e+00
  -5.5566145e-01
  -1.3515563e+00
   3.6421132e-01
  -4.5220760e-01
   7.8336597e-01
   1.2372366e+00
   1.0771982e+00
  -3.4841124e-02
  -5.0398733e-01
  -1.2240190e+00
   1.1850908e-01
   9.5947350e-01
  -3.4093044e-01
  -1.7331833e-01
   6.1630051e-01
   8.6391937e-01
  -1.4169142e+00
   1.9995196e-01
   1.9582685e-01
  -1.5113240e-01
   8.9278416e-01
  -3.6419019e-01
  -8.2618869e-01
   2.7601131e-01
   4.5979730e-01
  -2.1750667e-01
   7.9612297e-01
  -1.5180226e+00
  -1.0749170e+00
  -3.0721657e+00
   5.2140719e-01
  -9.9102363e-01
  -2.5312574e-01
   1.0092653e+00
   5.1012053e-02
  -4.4043279e-01
  -8.4846941e-01
  -2.4037084e-01
   6.0292944e-01
  -1.5162537e+00
  -6.8348502e-02
   7.8239287e-01
  -1.4207259e+00
   6.6936513e-01
   6.8323664e-01
  -8.8213622e-01
  -1.5045088e+00
   4.3313940e-01
   8.0825571e-01
   5.7893799e-01
   7.6284913e-01
  -1.1821270e+00
   5.8384769e-01
  -5.8000968e-01
  -5.6136719e-01
  -1.5558965e+00
   1.1002085e+00
   1.7505830e-01
   1.0036113e+00
   1.5110082e+00
  -1.1372390e+00
   6.4301839e-01
  -1.2760044e-02
   9.1425973e-01
   1.1076946e+00
   8.2047146e-01
  -8.1761183e-01
  -1.2648522e-01
   2.6414291e-01
   3.1585281e+00
   1.2266172e+00
   2.3206353e+00
   4.1449786e-01
   2.1183157e-01
   6.1316689e-01
  -5.2777696e-01
   1.2416013e+00
  -1.5763068e-01
  -1.3736018e+00
   8.7083815e-01
  -1.5685333e+00
  -1.8442529e+00
   2.8840981e-01
  -9.5091113e-01
  -9.1073209e-01
  -1.6194917e-01
  -4.8890177e-01
  -2.2278201e-01
   2.7206650e-01
  -1.1685309e+00
  -1.2242343e+00
  -2.0994787e+00
  -3.9024263e-01
   6.6428176e-01
  -7.0226401e-01
   5.0132753e-01
   5.4031375e-01
   9.9075099e-01
   9.8937812e-01
  -6.8884118e-01
  -8.5683761e-01
   4.8390018e-02
  -6.6485340e-01
   1.4527420e+00
   1.3798458e+00
   9.5136419e-02
  -4.2712706e-01
   5.1080781e-01
  -6.5627362e-01
  -1.2501678e-01
  -5.3046670e-01
   1.0558640e-01
   1.1283504e+00
   7.4247804e-01
   1.1436032e+00
  -9.1471425e-01
   1.7980167e-01
  -9.8334782e-01
   3.8482857e-01
   3.2569763e-01
   1.2963104e+00
   1.0992295e+00
   6.5322305e-01
  -5.0507339e-01
  -4.7599381e-01
  -2.0515614e+00
  -4.4830454e-01
  -1.5511965e+00
   9.2982578e-01
   9.0193997e-01
   1.3828745e-01
  -3.7840776e-01
   1.4306426e-01
   1.6050387e+00
   1.3491161e+00
  -4.4844211e-01
   1.6841132e-01
  -1.1204967e+00
   4.0073091e-01
   7.3906264e-01
   9.0004470e-01
  -1.5312183e+00
   5.0462079e-01
  -8.6421465e-01
  -3.7655495e-01
   7.8801041e-01
   2.9820564e-01
  -1.6374184e-01
   6.0673255e-01
   1.6344987e+00
  -6.2349372e-01
  -1.3501002e+00
  -1.1622410e+00
  -9.4427920e-01
  -6.7121094e-01
   5.7668117e-01
  -2.0857701e+00
   2.3596388e-01
  -7.7842135e-01
   1.0995619e+00
  -8.5556430e-01
   7.5576236e-03
  -9.3758577e-01
  -6.8155968e-01
  -2.6013943e-01
  -2.2879536e-01
  -5.2481299e-01
   1.1283185e+00
   5.5013925e-01
   1.8551474e+00
  -2.7729879e-01
   1.0666308e+00
  -2.0992389e+00
   6.3848377e-01
   3.7146546e-01
  -3.7417930e-01
   6.9534833e-01
   8.7762874e-01
   1.0336056e+00
   4.1979132e-01
   6.0106923e-01
  -6.7401831e-01
  -1.0951785e+00
  -2.6761673e-01
   1.8655037e-01
   9.5094467e-01
  -7.9051874e-01
  -4.8947798e-01
   2.9744739e+00
  -6.2258536e-01
   1.9203030e+00
   9.6114893e-01
  -5.5780316e-01
  -1.0655515e-01
  -2.1516125e-01
   4.7348969e-01
   1.3656410e+00
  -1.6378037e+00
   2.0237289e+00
   7.7778929e-01
  -5.4890192e-01
  -1.2601136e-01
   2.9958041e-01
