1.001599680063987252e+00
1.001665625650635105e+00
1.001735734432631864e+00
1.001810364335822490e+00
1.001889912591542586e+00
1.001974821031843987e+00
1.002065582235992736e+00
1.002162746688294082e+00
1.002266931141966522e+00
1.002378828426999657e+00
1.002499218994064245e+00
1.002628984554715830e+00
1.002769124264451417e+00
1.002920774005111371e+00
1.003085229463941408e+00
1.003263973888208982e+00
1.003458711629917843e+00
1.003671408903166640e+00
1.003904343582235237e+00
1.004160166406656174e+00
1.004441976679622428e+00
1.004753416518122444e+00
1.005098789037603524e+00
1.005483207676490798e+00
1.005912786400591230e+00
1.006394884092725928e+00
1.006938421509106618e+00
1.007554296506137925e+00
1.008255933952528327e+00
1.009060022650056565e+00
1.009987515605493158e+00
1.011065006915629283e+00
1.012326656394453073e+00
1.013816925734024155e+00
1.015594541910331383e+00
1.017738359201773912e+00
1.020356234096692072e+00
1.023598820058996939e+00
1.027681660899653959e+00
1.032921810699588550e+00
1.039800995024875663e+00
1.049079754601226933e+00
1.062015503875969102e+00
1.080808080808080884e+00
1.109589041095890405e+00
1.156862745098039102e+00
1.242424242424242431e+00
1.421052631578947345e+00
1.888888888888888840e+00
3.666666666666666519e+00
9.000000000000000000e+00
3.666666666666666519e+00
1.888888888888888840e+00
1.421052631578947345e+00
1.242424242424242431e+00
1.156862745098039102e+00
1.109589041095890405e+00
1.080808080808080884e+00
1.062015503875969102e+00
1.049079754601226933e+00
1.039800995024875663e+00
1.032921810699588550e+00
1.027681660899653959e+00
1.023598820058996939e+00
1.020356234096692072e+00
1.017738359201773912e+00
1.015594541910331383e+00
1.013816925734024155e+00
1.012326656394453073e+00
1.011065006915629283e+00
1.009987515605493158e+00
1.009060022650056565e+00
1.008255933952528327e+00
1.007554296506137925e+00
1.006938421509106618e+00
1.006394884092725928e+00
1.005912786400591230e+00
1.005483207676490798e+00
1.005098789037603524e+00
1.004753416518122444e+00
1.004441976679622428e+00
1.004160166406656174e+00
1.003904343582235237e+00
1.003671408903166640e+00
1.003458711629917843e+00
1.003263973888208982e+00
1.003085229463941408e+00
1.002920774005111371e+00
1.002769124264451417e+00
1.002628984554715830e+00
1.002499218994064245e+00
1.002378828426999657e+00
1.002266931141966522e+00
1.002162746688294082e+00
1.002065582235992736e+00
1.001974821031843987e+00
1.001889912591542586e+00
1.001810364335822490e+00
1.001735734432631864e+00
1.001665625650635105e+00
1.001599680063987252e+00
1.001537574476263792e+00
1.001479016454058124e+00
1.001423740879159974e+00
1.001371506943253831e+00
1.001322095521401501e+00
1.001275306870715864e+00
1.001230958609016675e+00
1.001188883935205887e+00
1.001148930058882724e+00
1.001110956811553931e+00
1.001074835415826980e+00
1.001040447392378629e+00
1.001007683587353592e+00
1.000976443305260588e+00
1.000946633534492980e+00
1.000918168254332663e+00
1.000890967813787835e+00
1.000864958373878233e+00
1.000840071406069454e+00
1.000816243240485681e+00
1.000793414658335712e+00
1.000771530523676400e+00
1.000750539450229848e+00
1.000730393499497772e+00
1.000711047906852613e+00
1.000692460832684150e+00
1.000674593136014812e+00
1.000657408168296403e+00
1.000640871585356084e+00
1.000624951175689503e+00
1.000609616703497684e+00
1.000594839765038380e+00
1.000580593657014239e+00
1.000566853255863364e+00
1.000553594906926858e+00
1.000540796322584969e+00
1.000528436488539619e+00
1.000516495577506548e+00
1.000504954869658514e+00
1.000493796679217340e+00
1.000483004286663036e+00
1.000472561876070587e+00
1.000462454477137442e+00
1.000452667911503335e+00
1.000443188743005862e+00
1.000434004231541163e+00
1.000425102290238621e+00
1.000416471445676470e+00
1.000408100800897815e+00
1.000399980000999944e+00
1.000392099201097951e+00
1.000384449036474610e+00
1.000377020594749977e+00
1.000369805389913491e+00
1.000362795338079813e+00
1.000355982734837390e+00
1.000349360234071394e+00
1.000342920828153792e+00
1.000336657829398623e+00
1.000330564852692117e+00
1.000324635799212825e+00
1.000318864841165389e+00
1.000313246407455336e+00
1.000307775170238056e+00
1.000302446032286019e+00
1.000297254115111611e+00
1.000292194747799401e+00
1.000287263456497433e+00
1.000282455954524696e+00
1.000277768133051026e+00
1.000273196052317015e+00
1.000268735933353526e+00
1.000264384150170160e+00
1.000260137222384715e+00
1.000255991808262079e+00
1.000251944698138828e+00
1.000247992808208641e+00
1.000244133174646777e+00
1.000240362948051631e+00
1.000236679388183836e+00
1.000233079858986684e+00
1.000229561823868796e+00
1.000226122841233467e+00
1.000222760560242730e+00
1.000219472716797897e+00
1.000216257129727282e+00
1.000213111697168200e+00
1.000210034393131941e+00
1.000207023264239270e+00
1.000204076426621791e+00
1.000201192062973199e+00
1.000198368419747519e+00
1.000195603804493905e+00
1.000192896583319335e+00
1.000190245178473658e+00
1.000187648066052093e+00
1.000185103773803208e+00
1.000182610879043033e+00
1.000180168006666204e+00
1.000177773827248373e+00
1.000175427055237654e+00
1.000173126447228888e+00
1.000170870800316081e+00
1.000168658950519651e+00
1.000166489771284750e+00
1.000164362172046184e+00
1.000162275096857956e+00
1.000160227523082757e+00
1.000158218460138748e+00
1.000156246948301852e+00
1.000154312057558448e+00
1.000152412886509579e+00
1.000150548561320241e+00
1.000148718234714629e+00
1.000146921085012242e+00
1.000145156315206840e+00
1.000143423152082267e+00
1.000141720845364901e+00
1.000140048666911863e+00
1.000138405909932304e+00
1.000136791888241117e+00
1.000135205935540617e+00
1.000133647404734427e+00
1.000132115667266675e+00
1.000130610112488050e+00
1.000129130147046963e+00
1.000127675194305787e+00
1.000126244693777755e+00
1.000124838100588276e+00
1.000123454884955576e+00
1.000122094531691097e+00
1.000120756539721434e+00
1.000119440421624706e+00
1.000118145703188466e+00
1.000116871922981376e+00
1.000115618631942427e+00
1.000114385392985250e+00
1.000113171780616428e+00
1.000111977380569117e+00
1.000110801789448889e+00
1.000109644614393556e+00
1.000108505472744769e+00
1.000107383991731380e+00
1.000106279808165022e+00
1.000105192568145007e+00
1.000104121926776335e+00
1.000103067547894131e+00
1.000102029103801859e+00
1.000101006275014859e+00
1.000099998750015651e+00
1.000099006225016351e+00
1.000098028403729966e+00
1.000097064997148788e+00
1.000096115723330792e+00
1.000095180307194465e+00
1.000094258480317633e+00
1.000093349980746504e+00
1.000092454552808929e+00
1.000091571946934099e+00
1.000090701919479352e+00
1.000089844232561864e+00
1.000088998653895445e+00
1.000088164956633774e+00
1.000087342919218747e+00
1.000086532325231703e+00
1.000085732963252649e+00
1.000084944626721484e+00
1.000084167113804545e+00
1.000083400227265606e+00
1.000082643774341085e+00
1.000081897566618583e+00
1.000081161419918985e+00
1.000080435154184100e+00
1.000079718593365419e+00
1.000079011565317977e+00
1.000078313901696436e+00
1.000077625437856055e+00
1.000076946012753876e+00
1.000076275468855691e+00
1.000075613652044781e+00
1.000074960411532654e+00
1.000074315599773334e+00
1.000073679072380539e+00
1.000073050688046195e+00
1.000072430308462490e+00
1.000071817798245943e+00
1.000071213024862349e+00
1.000070615858556389e+00
1.000070026172281912e+00
1.000069443841633321e+00
1.000068868744780959e+00
1.000068300762407159e+00
1.000067739777644071e+00
1.000067185676013937e+00
1.000066638345369796e+00
1.000066097675840426e+00
1.000065563559773496e+00
1.000065035891682719e+00
1.000064514568195895e+00
1.000063999488004063e+00
1.000063490551812206e+00
1.000062987662291736e+00
1.000062490724033193e+00
1.000061999643502064e+00
1.000061514328993928e+00
1.000061034690592265e+00
1.000060560640126051e+00
1.000060092091129560e+00
1.000059628958803737e+00
1.000059171159976668e+00
1.000058718613066278e+00
1.000058271238045249e+00
1.000057828956404160e+00
1.000057391691117958e+00
1.000056959366611764e+00
1.000056531908729340e+00
1.000056109244699343e+00
1.000055691303106897e+00
1.000055278013860960e+00
1.000054869308166561e+00
1.000054465118495717e+00
1.000054065378559010e+00
1.000053670023279384e+00
1.000053278988764838e+00
1.000052892212282885e+00
1.000052509632235687e+00
1.000052131188134963e+00
1.000051756820578452e+00
1.000051386471226822e+00
1.000051020082780129e+00
1.000050657598956505e+00
1.000050298964470175e+00
1.000049944125010137e+00
1.000049593027220407e+00
1.000049245618678917e+00
1.000048901847878646e+00
1.000048561664208302e+00
1.000048225017933667e+00
1.000047891860179616e+00
1.000047562142912350e+00
1.000047235818921409e+00
1.000046912841804136e+00
1.000046593165947462e+00
1.000046276746513252e+00
1.000045963539422322e+00
1.000045653501338228e+00
1.000045346589653050e+00
1.000045042762472525e+00
1.000044741978602048e+00
1.000044444197532245e+00
1.000044149379425207e+00
1.000043857485102050e+00
1.000043568476029154e+00
1.000043282314305282e+00
1.000042998962650032e+00
1.000042718384390739e+00
1.000042440543451150e+00
1.000042165404339878e+00
1.000041892932138632e+00
1.000041623092491783e+00
1.000041355851594593e+00
1.000041091176183450e+00
1.000040829033525647e+00
1.000040569391408507e+00
1.000040312218129390e+00
1.000040057482487477e+00
1.000039805153772221e+00
1.000039555201756247e+00
1.000039307596684468e+00
1.000039062309266091e+00
1.000038819310666183e+00
1.000038578572496339e+00
1.000038340066807585e+00
1.000038103766081043e+00
1.000037869643220612e+00
1.000037637671545410e+00
1.000037407824781788e+00
1.000037180077055776e+00
1.000036954402886202e+00
1.000036730777177363e+00
1.000036509175212140e+00
1.000036289572644899e+00
1.000036071945495264e+00
1.000035856270141243e+00
1.000035642523312340e+00
1.000035430682084892e+00
1.000035220723873852e+00
1.000035012626428355e+00
1.000034806367825047e+00
1.000034601926462319e+00
1.000034399281054975e+00
1.000034198410628905e+00
1.000033999294514642e+00
1.000033801912343145e+00
1.000033606244040252e+00
1.000033412269820676e+00
1.000033219970185128e+00
1.000033029325912759e+00
1.000032840318058502e+00
1.000032652927947296e+00
1.000032467137169645e+00
1.000032282927577398e+00
1.000032100281278646e+00
1.000031919180634610e+00
1.000031739608253867e+00
1.000031561546989245e+00
1.000031384979933158e+00
1.000031209890414274e+00
1.000031036261992634e+00
1.000030864078456538e+00
1.000030693323818332e+00
1.000030523982311292e+00
1.000030356038385193e+00
1.000030189476703191e+00
1.000030024282138275e+00
1.000029860439769713e+00
1.000029697934879946e+00
1.000029536752950809e+00
1.000029376879661314e+00
1.000029218300882761e+00
1.000029061002677189e+00
1.000028904971293819e+00
1.000028750193165283e+00
1.000028596654906288e+00
1.000028444343308953e+00
1.000028293245341260e+00
1.000028143348143717e+00
1.000027994639026696e+00
1.000027847105467327e+00
1.000027700735108160e+00
1.000027555515753175e+00
1.000027411435365554e+00
1.000027268482065912e+00
1.000027126644128961e+00
1.000026985909981736e+00
1.000026846268200931e+00
1.000026707707510454e+00
1.000026570216779653e+00
1.000026433785020652e+00
1.000026298401385905e+00
1.000026164055166866e+00
1.000026030735791327e+00
1.000025898432821192e+00
1.000025767135950705e+00
1.000025636835004450e+00
1.000025507519935797e+00
1.000025379180823570e+00
1.000025251807871607e+00
1.000025125391406533e+00
1.000024999921875324e+00
1.000024875389843970e+00
1.000024751785996147e+00
1.000024629101130103e+00
1.000024507326158885e+00
1.000024386452106562e+00
1.000024266470108225e+00
1.000024147371407768e+00
1.000024029147355664e+00
1.000023911789408970e+00
1.000023795289127548e+00
1.000023679638175178e+00
1.000023564828315559e+00
1.000023450851412532e+00
1.000023337699427861e+00
1.000023225364420565e+00
1.000023113838544031e+00
1.000023003114046460e+00
1.000022893183268424e+00
1.000022784038641754e+00
1.000022675672687988e+00
1.000022568078017926e+00
1.000022461247329186e+00
1.000022355173406208e+00
1.000022249849118250e+00
1.000022145267417839e+00
1.000022041421340990e+00
1.000021938304004543e+00
1.000021835908605716e+00
1.000021734228421222e+00
1.000021633256805709e+00
1.000021532987190653e+00
1.000021433413083471e+00
1.000021334528066852e+00
1.000021236325797203e+00
1.000021138800003095e+00
1.000021041944486155e+00
1.000020945753117729e+00
1.000020850219839552e+00
1.000020755338662193e+00
1.000020661103664610e+00
1.000020567508991931e+00
1.000020474548856120e+00
1.000020382217534420e+00
1.000020290509367804e+00
1.000020199418761635e+00
1.000020108940183450e+00
1.000020019068162513e+00
1.000019929797289153e+00
1.000019841122213871e+00
